0.5 Seconds:
    difference: 0.375
    result:     1917.625
0.75 Seconds:
    difference: 6.76801330428134e-05 
    result:     1918.000067680133
1 Second:
    difference: 0
    result:     1918.0
